V 54
K 1
D 0 -2794000 3048000 1524000
Y 1
U 2667000 1524000 254000 0 2 3 REFDES=IC?
U 2667000 1270000 254000 0 2 3 DEVICE=NCP51820
U 2667000 1016000 254000 0 2 0 PKG_TYPE=NCP51820
U 2667000 762000 254000 0 2 0 Description=High Speed Half-Bridge Driver for GaN Power Switches High-Speed 650V 200 V/ns dV/dt
U 2667000 508000 254000 0 2 0 Datasheet Link=https://www.onsemi.com/download/data-sheet/pdf/ncp51820-d.pdf
U 2667000 254000 254000 0 2 0 Height=0.9
U 2667000 0 254000 0 2 0 Manufacturer_Name=onsemi
U 2667000 -254000 254000 0 2 0 Manufacturer_Part_Number=NCP51820
U 2667000 -508000 254000 0 2 0 Mouser Part Number=N/A
U 2667000 -762000 254000 0 2 0 Mouser Price/Stock=https://www.mouser.co.uk/ProductDetail/onsemi/NCP51820?qs=vEM7xhTegWhaPMdkL3AwCA%3D%3D
U 2667000 -1016000 254000 0 2 0 Arrow Part Number=
U 2667000 -1270000 254000 0 2 0 Arrow Price/Stock=
U 0 0 254000 0 1 0 FORWARD_PCB=1
l 5 508000 1016000 2540000 1016000 2540000 -2286000 508000 -2286000 508000 1016000
|GRPHSTL -1 -1 -1 1
P 1 0 0 508000 0 0 2 0
L 584200 0 228600 0 2 0 1 0 VDDH
A 355600 50800 203200 0 9 3 #=1
A 0 0 9 0 3 0 PINTYPE=BI
P 2 0 -254000 508000 -254000 0 2 0
L 584200 -254000 228600 0 2 0 1 0 HOSRC
A 355600 -203200 203200 0 9 3 #=2
A 0 0 9 0 3 0 PINTYPE=BI
P 3 0 -508000 508000 -508000 0 2 0
L 584200 -508000 228600 0 2 0 1 0 HOSNK
A 355600 -457200 203200 0 9 3 #=3
A 0 0 9 0 3 0 PINTYPE=BI
P 4 0 -762000 508000 -762000 0 2 0
L 584200 -762000 228600 0 2 0 1 0 SW
A 355600 -711200 203200 0 9 3 #=4
A 0 0 9 0 3 0 PINTYPE=BI
P 5 1016000 -2794000 1016000 -2286000 0 1 0
L 1016000 -2209800 228600 1 2 0 1 0 VDDL
A 965200 -2438400 203200 1 9 3 #=5
A 0 0 9 0 3 0 PINTYPE=BI
P 6 1270000 -2794000 1270000 -2286000 0 1 0
L 1270000 -2209800 228600 1 2 0 1 0 LOSRC
A 1219200 -2438400 203200 1 9 3 #=6
A 0 0 9 0 3 0 PINTYPE=BI
P 7 1524000 -2794000 1524000 -2286000 0 1 0
L 1524000 -2209800 228600 1 2 0 1 0 LOSNK
A 1473200 -2438400 203200 1 9 3 #=7
A 0 0 9 0 3 0 PINTYPE=BI
P 8 1778000 -2794000 1778000 -2286000 0 1 0
L 1778000 -2209800 228600 1 2 0 1 0 PGND
A 1727200 -2438400 203200 1 9 3 #=8
A 0 0 9 0 3 0 PINTYPE=BI
P 9 3048000 -1016000 2540000 -1016000 0 3 0
L 2463800 -1016000 228600 0 8 0 1 0 DT
A 2692400 -965200 203200 0 3 3 #=9
A 0 0 9 0 3 0 PINTYPE=BI
P 10 3048000 -762000 2540000 -762000 0 3 0
L 2463800 -762000 228600 0 8 0 1 0 SGND
A 2692400 -711200 203200 0 3 3 #=10
A 0 0 9 0 3 0 PINTYPE=BI
P 11 3048000 -508000 2540000 -508000 0 3 0
L 2463800 -508000 228600 0 8 0 1 0 LIN
A 2692400 -457200 203200 0 3 3 #=11
A 0 0 9 0 3 0 PINTYPE=BI
P 12 3048000 -254000 2540000 -254000 0 3 0
L 2463800 -254000 228600 0 8 0 1 0 HIN
A 2692400 -203200 203200 0 3 3 #=12
A 0 0 9 0 3 0 PINTYPE=BI
P 13 3048000 0 2540000 0 0 3 0
L 2463800 0 228600 0 8 0 1 0 EN
A 2692400 50800 203200 0 3 3 #=13
A 0 0 9 0 3 0 PINTYPE=BI
P 14 1524000 1524000 1524000 1016000 0 0 0
L 1524000 939800 228600 1 8 0 1 0 VDD
A 1473200 1168400 203200 1 3 3 #=14
A 0 0 9 0 3 0 PINTYPE=BI
P 15 1270000 1524000 1270000 1016000 0 0 0
L 1270000 939800 228600 1 8 0 1 0 VBST
A 1219200 1168400 203200 1 3 3 #=15
A 0 0 9 0 3 0 PINTYPE=BI
E
